1677737586  0 0.000  0.000 0.000 1.000 0.000 0.000 0.000
1677737586  0 0.014  -0.015 -0.009 1.000 -0.002 0.000 0.000
1677737586  0 0.021  -0.068 -0.006 1.000 -0.001 0.001 -0.000
1677737586  0 0.020  -0.125 0.002 1.000 -0.001 0.000 -0.001
1677737586  0 0.025  -0.170 0.013 1.000 -0.001 0.000 -0.001
1677737586  0 0.028  -0.216 0.023 1.000 -0.001 0.000 -0.001
1677737586  0 0.031  -0.324 0.025 1.000 -0.001 -0.000 -0.001
1677737586  0 0.041  -0.437 0.034 1.000 -0.000 -0.000 -0.001
1677737587  0 0.056  -0.730 0.043 1.000 -0.000 -0.000 -0.002
1677737587  0 0.064  -0.946 0.042 1.000 -0.001 -0.001 -0.003
1677737587  0 0.070  -1.136 0.057 1.000 -0.001 -0.001 -0.004
1677737587  0 0.081  -1.469 0.078 1.000 -0.003 -0.001 -0.006
1677737588  0 0.092  -1.802 0.101 1.000 -0.003 -0.000 -0.008
1677737588  0 0.103  -2.192 0.127 1.000 -0.002 0.000 -0.011
1677737588  0 0.106  -2.621 0.147 1.000 -0.002 0.001 -0.013
1677737589  0 0.108  -3.075 0.195 1.000 -0.002 0.000 -0.014
1677737589  0 0.128  -3.745 0.241 1.000 -0.001 0.001 -0.015
1677737589  0 0.128  -4.338 0.286 1.000 -0.001 0.001 -0.016
1677737590  0 0.132  -4.885 0.331 1.000 -0.001 0.002 -0.016
1677737590  0 0.126  -5.860 0.390 1.000 -0.002 -0.004 -0.016
1677737591  0 0.130  -6.789 0.424 1.000 -0.002 -0.003 -0.017
1677737591  0 0.128  -7.240 0.432 1.000 -0.002 -0.003 -0.017
1677737591  0 0.137  -7.667 0.458 1.000 -0.002 -0.003 -0.017
1677737592  0 0.141  -8.838 0.562 1.000 -0.002 -0.003 -0.017
1677737592  0 0.150  -9.432 0.590 1.000 -0.002 -0.003 -0.017
1677737592  0 0.154  -10.015 0.619 1.000 -0.002 -0.003 -0.017
1677737592  0 0.162  -10.591 0.654 1.000 -0.001 -0.002 -0.017
1677737593  0 0.175  -11.522 0.722 1.000 -0.001 -0.001 -0.017
1677737593  0 0.183  -11.914 0.758 1.000 -0.001 -0.000 -0.016
1677737594  0 0.196  -12.664 0.791 1.000 -0.001 0.000 -0.016
1677737594  0 0.200  -13.405 0.843 1.000 -0.001 0.000 -0.017
1677737594  0 0.196  -13.984 0.891 1.000 -0.001 0.001 -0.018
1677737594  0 0.198  -14.367 0.900 1.000 -0.000 -0.001 -0.019
1677737595  0 0.197  -15.118 0.945 1.000 -0.001 0.000 -0.020
1677737595  0 0.198  -15.539 0.987 1.000 -0.001 0.000 -0.020
1677737595  0 0.201  -16.401 1.013 1.000 -0.003 -0.001 -0.020
1677737596  0 0.204  -16.875 1.041 1.000 -0.003 -0.001 -0.019
1677737596  0 0.210  -17.336 1.076 1.000 -0.002 -0.000 -0.019
1677737596  0 0.212  -18.250 1.134 1.000 -0.001 0.000 -0.018
1677737596  0 0.204  -18.709 1.159 1.000 -0.001 -0.001 -0.018
1677737597  0 0.207  -19.361 1.209 1.000 -0.000 -0.000 -0.018
1677737597  0 0.214  -19.998 1.248 1.000 -0.000 0.000 -0.019
1677737598  0 0.227  -20.803 1.290 1.000 -0.001 0.002 -0.018
1677737598  0 0.236  -21.381 1.320 1.000 -0.002 0.002 -0.018
1677737598  0 0.243  -21.953 1.348 1.000 -0.002 0.003 -0.017
1677737598  0 0.249  -22.564 1.395 1.000 -0.002 0.003 -0.017
1677737599  0 0.268  -23.444 1.449 1.000 -0.003 0.003 -0.016
1677737599  0 0.279  -24.628 1.515 1.000 -0.002 0.002 -0.013
1677737600  0 0.299  -25.318 1.562 1.000 -0.001 0.002 -0.011
1677737600  0 0.317  -26.011 1.607 1.000 -0.001 0.002 -0.009
1677737600  0 0.349  -27.016 1.674 1.000 0.001 0.003 -0.004
1677737601  0 0.355  -27.462 1.710 1.000 0.001 0.001 -0.003
1677737601  0 0.387  -27.986 1.736 1.000 -0.000 0.002 -0.002
1677737601  0 0.402  -28.446 1.764 1.000 -0.001 0.002 -0.001
1677737602  0 0.441  -29.387 1.827 1.000 -0.002 0.000 -0.002
1677737602  0 0.454  -29.840 1.843 1.000 -0.003 -0.000 -0.002
1677737602  0 0.512  -31.236 1.923 1.000 -0.003 0.000 -0.003
1677737603  0 0.526  -31.744 1.958 1.000 -0.002 0.001 -0.004
1677737603  0 0.547  -32.455 2.010 1.000 -0.003 0.001 -0.004
1677737603  0 0.574  -33.187 2.048 1.000 -0.003 0.001 -0.006
1677737604  0 0.596  -33.940 2.100 1.000 -0.003 0.001 -0.006
1677737604  0 0.615  -34.692 2.158 1.000 -0.003 0.000 -0.007
1677737604  0 0.631  -35.894 2.216 1.000 -0.006 -0.001 -0.009
1677737605  0 0.653  -36.884 2.286 1.000 -0.006 -0.002 -0.012
1677737605  0 0.666  -37.856 2.348 1.000 -0.003 -0.001 -0.015
1677737605  0 0.669  -38.625 2.396 1.000 -0.001 0.000 -0.017
1677737606  0 0.680  -39.134 2.430 1.000 -0.002 0.000 -0.019
1677737606  0 0.681  -39.904 2.481 1.000 -0.002 -0.000 -0.021
1677737606  0 0.666  -40.927 2.539 1.000 -0.003 0.000 -0.024
1677737607  0 0.669  -41.916 2.606 1.000 -0.003 0.002 -0.025
1677737607  0 0.661  -43.059 2.682 1.000 -0.003 0.002 -0.025
1677737608  0 0.655  -43.711 2.731 1.000 -0.003 0.003 -0.024
1677737608  0 0.666  -44.331 2.766 1.000 -0.003 0.003 -0.023
1677737608  0 0.652  -44.899 2.803 1.000 -0.004 0.002 -0.022
1677737608  0 0.656  -45.277 2.826 1.000 -0.004 0.002 -0.021
1677737609  0 0.659  -45.821 2.861 1.000 -0.003 0.003 -0.020
1677737609  0 0.658  -46.536 2.913 1.000 -0.002 0.003 -0.019
1677737610  0 0.673  -47.384 2.968 1.000 -0.003 0.001 -0.016
1677737610  0 0.686  -48.043 3.021 1.000 -0.005 0.002 -0.015
1677737610  0 0.693  -48.400 3.050 1.000 -0.006 0.002 -0.014
1677737611  0 0.699  -48.983 3.081 1.000 -0.006 0.001 -0.014
1677737611  0 0.710  -49.636 3.134 1.000 -0.005 0.001 -0.014
1677737611  0 0.727  -50.310 3.180 1.000 -0.005 0.001 -0.014
1677737612  0 0.753  -51.229 3.230 1.000 -0.004 -0.001 -0.014
1677737612  0 0.760  -51.924 3.294 1.000 -0.003 0.000 -0.016
1677737612  0 0.765  -52.388 3.315 1.000 -0.003 0.000 -0.017
1677737612  0 0.773  -53.042 3.373 1.000 -0.002 0.000 -0.018
1677737613  0 0.768  -53.703 3.409 1.000 -0.002 0.000 -0.019
1677737613  0 0.772  -54.162 3.434 1.000 -0.003 -0.001 -0.019
1677737613  0 0.761  -54.527 3.454 1.000 -0.003 -0.000 -0.019
1677737613  0 0.757  -55.063 3.494 1.000 -0.003 -0.000 -0.016
1677737614  0 0.804  -55.492 3.533 1.000 -0.003 0.000 -0.010
1677737614  0 0.891  -55.966 3.557 1.000 -0.004 0.002 0.004
1677737615  0 0.861  -56.574 3.605 1.000 -0.003 0.001 0.028
1677737615  0 1.029  -56.925 3.623 0.998 -0.004 0.003 0.060
1677737615  0 1.270  -57.361 3.680 0.995 -0.005 0.004 0.102
1677737616  0 1.560  -57.643 3.674 0.990 -0.003 0.007 0.141
1677737616  0 1.703  -57.900 3.692 0.985 -0.003 0.010 0.170
1677737616  0 1.993  -58.298 3.714 0.976 -0.004 0.013 0.217
1677737616  0 2.274  -58.661 3.742 0.964 -0.005 0.015 0.264
1677737617  0 2.609  -58.997 3.765 0.951 -0.006 0.017 0.309
1677737617  0 2.986  -59.285 3.791 0.936 -0.007 0.021 0.350
1677737617  0 3.379  -59.548 3.798 0.922 -0.009 0.024 0.385
1677737618  0 3.944  -59.910 3.827 0.904 -0.008 0.027 0.427
1677737618  0 4.726  -60.329 3.870 0.880 -0.006 0.030 0.474
1677737618  0 5.248  -60.535 3.879 0.866 -0.007 0.034 0.499
1677737619  0 5.760  -60.738 3.882 0.853 -0.007 0.036 0.521
1677737619  0 6.306  -60.924 3.894 0.841 -0.006 0.037 0.540
1677737619  0 6.680  -61.029 3.906 0.834 -0.006 0.039 0.550
1677737620  0 7.441  -61.254 3.914 0.822 -0.003 0.037 0.569
1677737620  0 8.021  -61.389 3.937 0.812 -0.005 0.038 0.582
1677737620  0 8.588  -61.514 3.929 0.802 -0.006 0.036 0.597
1677737621  0 8.960  -61.592 3.940 0.793 -0.006 0.037 0.608
1677737621  0 9.717  -61.683 3.942 0.771 -0.007 0.035 0.635
1677737621  0 9.900  -61.692 3.946 0.765 -0.007 0.036 0.643
1677737621  0 10.277  -61.688 3.950 0.752 -0.008 0.038 0.658
1677737622  0 10.831  -61.651 3.957 0.728 -0.007 0.040 0.684
1677737622  0 11.344  -61.574 3.958 0.702 -0.007 0.041 0.711
1677737622  0 11.847  -61.445 3.947 0.672 -0.006 0.042 0.740
1677737622  0 12.161  -61.328 3.951 0.647 -0.006 0.044 0.761
1677737623  0 12.473  -61.194 3.946 0.623 -0.006 0.045 0.781
1677737623  0 12.911  -60.929 3.939 0.583 -0.005 0.047 0.811
1677737623  0 13.575  -60.411 3.902 0.514 -0.006 0.050 0.856
1677737624  0 13.881  -60.089 3.904 0.471 -0.005 0.050 0.881
1677737624  0 14.379  -59.462 3.837 0.409 -0.010 0.053 0.911
1677737625  0 14.711  -58.886 3.829 0.359 -0.011 0.054 0.932
1677737625  0 15.002  -58.465 3.779 0.327 -0.004 0.054 0.943
1677737625  0 15.143  -58.184 3.765 0.315 -0.007 0.055 0.948
1677737625  0 15.398  -57.716 3.755 0.290 -0.003 0.059 0.955
1677737626  0 15.556  -57.389 3.750 0.273 -0.001 0.057 0.960
1677737626  0 15.681  -57.039 3.742 0.256 -0.007 0.061 0.965
1677737626  0 15.817  -56.698 3.714 0.239 -0.007 0.059 0.969
1677737626  0 15.968  -56.352 3.659 0.224 -0.002 0.057 0.973
1677737626  0 16.141  -55.786 3.631 0.200 -0.005 0.060 0.978
1677737627  0 16.307  -55.219 3.590 0.177 -0.006 0.060 0.982
1677737627  0 16.463  -54.439 3.536 0.153 -0.006 0.063 0.986
1677737628  0 16.654  -53.467 3.467 0.130 -0.005 0.063 0.989
1677737628  0 16.772  -52.865 3.429 0.120 -0.006 0.063 0.991
1677737628  0 16.886  -52.285 3.391 0.112 -0.006 0.063 0.992
1677737629  0 17.019  -51.514 3.337 0.110 -0.005 0.062 0.992
1677737629  0 17.151  -50.744 3.285 0.107 -0.006 0.061 0.992
1677737629  0 17.242  -50.152 3.245 0.107 -0.007 0.061 0.992
1677737630  0 17.339  -49.604 3.212 0.107 -0.006 0.061 0.992
1677737630  0 17.421  -49.049 3.181 0.106 -0.007 0.062 0.992
1677737630  0 17.508  -48.490 3.149 0.105 -0.007 0.062 0.993
1677737631  0 17.598  -47.942 3.118 0.103 -0.008 0.062 0.993
1677737631  0 17.680  -47.391 3.073 0.101 -0.008 0.062 0.993
1677737631  0 17.761  -46.845 3.035 0.099 -0.009 0.061 0.993
1677737632  0 17.857  -46.108 2.984 0.094 -0.009 0.061 0.994
1677737632  0 17.926  -45.565 2.949 0.091 -0.009 0.061 0.994
1677737632  0 17.961  -45.186 2.927 0.089 -0.009 0.059 0.994
1677737633  0 18.116  -44.138 2.870 0.085 -0.008 0.061 0.994
1677737633  0 18.223  -43.293 2.804 0.085 -0.006 0.056 0.995
1677737633  0 18.297  -42.622 2.763 0.086 -0.009 0.060 0.994
1677737634  0 18.389  -41.989 2.724 0.088 -0.008 0.060 0.994
1677737634  0 18.452  -41.559 2.698 0.089 -0.009 0.059 0.994
1677737634  0 18.554  -40.709 2.698 0.091 -0.008 0.066 0.994
1677737635  0 18.632  -40.110 2.617 0.093 -0.009 0.060 0.994
1677737635  0 18.696  -39.722 2.601 0.093 -0.007 0.060 0.994
1677737635  0 18.752  -39.343 2.578 0.093 -0.008 0.060 0.994
1677737635  0 18.820  -38.787 2.549 0.093 -0.009 0.061 0.994
1677737636  0 18.936  -37.866 2.475 0.091 -0.008 0.060 0.994
1677737636  0 19.008  -37.281 2.449 0.090 -0.008 0.059 0.994
1677737636  0 19.067  -36.880 2.424 0.089 -0.008 0.059 0.994
1677737637  0 19.169  -36.247 2.378 0.088 -0.008 0.059 0.994
1677737637  0 19.256  -35.597 2.343 0.087 -0.009 0.059 0.994
1677737637  0 19.317  -35.118 2.319 0.088 -0.008 0.057 0.994
1677737637  0 19.428  -34.272 2.264 0.086 -0.007 0.060 0.994
1677737638  0 19.507  -33.550 2.217 0.087 -0.008 0.060 0.994
1677737638  0 19.589  -32.905 2.177 0.086 -0.009 0.060 0.994
1677737638  0 19.644  -32.505 2.134 0.085 -0.008 0.061 0.994
1677737638  0 19.709  -32.094 2.168 0.085 -0.007 0.066 0.994
1677737639  0 19.805  -31.317 2.058 0.083 -0.007 0.058 0.995
1677737639  0 19.893  -30.433 2.022 0.082 -0.009 0.060 0.995
1677737640  0 19.998  -29.513 1.955 0.080 -0.007 0.060 0.995
1677737640  0 20.107  -28.647 1.881 0.078 -0.007 0.059 0.995
1677737640  0 20.173  -28.128 1.854 0.078 -0.007 0.059 0.995
1677737640  0 20.227  -27.615 1.831 0.078 -0.008 0.059 0.995
1677737641  0 20.354  -26.629 1.785 0.080 -0.007 0.059 0.995
1677737641  0 20.445  -25.901 1.724 0.082 -0.006 0.057 0.995
1677737642  0 20.609  -24.578 1.652 0.084 -0.006 0.059 0.995
1677737642  0 20.680  -24.030 1.607 0.084 -0.005 0.060 0.995
1677737642  0 20.782  -23.279 1.578 0.085 -0.006 0.062 0.994
1677737642  0 20.903  -22.294 1.510 0.086 -0.009 0.060 0.994
1677737643  0 21.007  -21.500 1.456 0.086 -0.008 0.061 0.994
1677737643  0 21.071  -20.977 1.420 0.086 -0.009 0.061 0.994
1677737643  0 21.182  -20.182 1.380 0.086 -0.008 0.061 0.994
1677737643  0 21.247  -19.632 1.335 0.086 -0.009 0.060 0.994
1677737644  0 21.351  -18.810 1.276 0.086 -0.010 0.059 0.994
1677737644  0 21.431  -18.233 1.247 0.086 -0.009 0.058 0.995
1677737644  0 21.513  -17.663 1.214 0.086 -0.008 0.058 0.995
1677737645  0 21.657  -16.486 1.157 0.086 -0.010 0.057 0.995
1677737645  0 21.909  -14.638 1.047 0.085 -0.006 0.059 0.995
1677737646  0 22.021  -13.690 0.987 0.085 -0.009 0.060 0.995
1677737647  0 22.151  -12.747 0.933 0.084 -0.008 0.059 0.995
1677737647  0 22.305  -11.508 0.855 0.083 -0.008 0.059 0.995
1677737647  0 22.431  -10.504 0.790 0.083 -0.006 0.058 0.995
1677737648  0 22.538  -9.602 0.741 0.082 -0.008 0.058 0.995
1677737648  0 22.653  -8.661 0.680 0.081 -0.007 0.058 0.995
1677737648  0 22.801  -7.418 0.609 0.080 -0.007 0.058 0.995
1677737648  0 22.875  -6.787 0.577 0.080 -0.007 0.058 0.995
1677737649  0 22.978  -5.884 0.524 0.079 -0.007 0.058 0.995
1677737649  0 23.117  -4.709 0.448 0.078 -0.007 0.060 0.995
1677737650  0 23.240  -3.593 0.388 0.079 -0.008 0.060 0.995
1677737650  0 23.370  -2.525 0.319 0.081 -0.007 0.061 0.995
1677737650  0 23.495  -1.564 0.274 0.084 -0.009 0.059 0.995
1677737651  0 23.625  -0.631 0.211 0.087 -0.008 0.058 0.994
1677737651  0 23.722  0.068 0.158 0.090 -0.007 0.058 0.994
1677737651  0 23.820  0.762 0.124 0.090 -0.007 0.059 0.994
1677737652  0 23.869  1.104 0.117 0.090 -0.007 0.058 0.994
1677737652  0 24.003  2.119 0.056 0.089 -0.008 0.058 0.994
1677737652  0 24.078  2.732 0.018 0.088 -0.009 0.058 0.994
1677737653  0 24.149  3.289 -0.011 0.087 -0.009 0.058 0.994
1677737653  0 24.311  4.547 -0.103 0.082 -0.008 0.059 0.995
1677737654  0 24.374  5.128 -0.132 0.080 -0.008 0.060 0.995
1677737654  0 24.427  5.651 -0.160 0.079 -0.009 0.060 0.995
1677737654  0 24.498  6.292 -0.190 0.077 -0.009 0.061 0.995
